image_width: 640
image_height: 480
camera_name: usb_cam_left
camera_matrix:
  rows: 3
  cols: 3
  data: [870.4740099909677, 0, 323.9280194453198, 0, 867.4220541508465, 200.5991625640671, 0, 0, 1]
distortion_model: plumb_bob
distortion_coefficients:
  rows: 1
  cols: 5
  data: [-0.1774712030292097, 0.498830118883587, 0.003624604664274672, -0.003380178224739331, 0]
rectification_matrix:
  rows: 3
  cols: 3
  data: [0.9995234428551173, 0.002020948592727478, -0.03080264517600182, -0.001858490445466322, 0.9999842179161598, 0.005301880031678629, 0.03081287387306196, -0.005242106961113553, 0.9995114242059923]
projection_matrix:
  rows: 3
  cols: 4
  data: [884.4439267594156, 0, 350.544921875, 0, 0, 884.4439267594156, 201.8632469177246, 0, 0, 0, 1, 0]