image_width: 640
image_height: 480
camera_name: usb_cam_right
camera_matrix:
  rows: 3
  cols: 3
  data: [878.5582514018785, 0, 338.1213745246882, 0, 875.6501121271184, 191.9343383264732, 0, 0, 1]
distortion_model: plumb_bob
distortion_coefficients:
  rows: 1
  cols: 5
  data: [-0.1353414153035853, 0.3272223713121842, 0.0007363933677899552, -0.001659738724779394, 0]
rectification_matrix:
  rows: 3
  cols: 3
  data: [0.9992808791893898, -0.004366593745843401, 0.03766506797469933, 0.004236926676017628, 0.9999848226834841, 0.003521768735031984, -0.03767987445337377, -0.003359652026588447, 0.9992842137247231]
projection_matrix:
  rows: 3
  cols: 4
  data: [943.1217571682737, 0, 299.8713684082031, -123.4950105145655, 0, 943.1217571682737, 186.5553569793701, 0, 0, 0, 1, 0]