image_width: 640
image_height: 480
camera_name: usb_cam_right
camera_matrix:
  rows: 3
  cols: 3
  data: [866.5163461516717, 0, 328.4852967971471, 0, 863.0841616850238, 200.6975928510376, 0, 0, 1]
distortion_model: plumb_bob
distortion_coefficients:
  rows: 1
  cols: 5
  data: [-0.1399052441899166, 0.3222649044536184, -0.002243317244211202, -0.004018684653454276, 0]
rectification_matrix:
  rows: 3
  cols: 3
  data: [0.9996635586618196, -0.01067182819951873, -0.02364067610004167, 0.01054702100462115, 0.9999298098279907, -0.005397755578614011, 0.02369662067711772, 0.005146600843113367, 0.9997059481008636]
projection_matrix:
  rows: 3
  cols: 4
  data: [884.4439267594156, 0, 350.544921875, -113.4049133479027, 0, 884.4439267594156, 201.8632469177246, 0, 0, 0, 1, 0]