image_width: 640
image_height: 480
camera_name: usb_cam_left
camera_matrix:
  rows: 3
  cols: 3
  data: [888.833393775944, 0, 336.6657455354666, 0, 887.873809208518, 176.4682808527886, 0, 0, 1]
distortion_model: plumb_bob
distortion_coefficients:
  rows: 1
  cols: 5
  data: [-0.140387022814934, 0.5127472333190121, 0.002669898868408099, -0.003414713164696254, 0]
rectification_matrix:
  rows: 3
  cols: 3
  data: [0.9992880709439947, 0.01055353599909349, 0.03622118367675708, -0.01042880227987133, 0.999939026534874, -0.00363088081546388, -0.03625729377707174, 0.003250552323004655, 0.9993372016279382]
projection_matrix:
  rows: 3
  cols: 4
  data: [943.1217571682737, 0, 299.8713684082031, 0, 0, 943.1217571682737, 186.5553569793701, 0, 0, 0, 1, 0]