image_width: 640
image_height: 480
camera_name: usb_cam_right
camera_matrix:
  rows: 3
  cols: 3
  data: [855.6697102478618, 0, 351.2969011550308, 0, 853.3379142374895, 202.4212665358996, 0, 0, 1]
distortion_model: plumb_bob
distortion_coefficients:
  rows: 1
  cols: 5
  data: [-0.1955248425129543, 0.3949184192321531, -0.002806153483927809, -0.001404486747971954, 0]
rectification_matrix:
  rows: 3
  cols: 3
  data: [0.9998155917358139, -0.01329006835438453, -0.01386205630850246, 0.01315389705970421, 0.9998647831151088, -0.009868661424900156, 0.01399133710933344, 0.009684501500459087, 0.9998552159770837]
projection_matrix:
  rows: 3
  cols: 4
  data: [919.6369741286223, 0, 367.1149501800537, -115.8758502196608, 0, 919.6369741286223, 203.566385269165, 0, 0, 0, 1, 0]