image_width: 640
image_height: 480
camera_name: usb_cam_right
camera_matrix:
  rows: 3
  cols: 3
  data: [648.2719657766794, 0, 356.0493423700237, 0, 647.0129486386281, 248.1604952553707, 0, 0, 1]
distortion_model: plumb_bob
distortion_coefficients:
  rows: 1
  cols: 5
  data: [0.1892672282282353, -0.4606929011499536, -0.007032521271471816, -0.003756109880506817, 0]
rectification_matrix:
  rows: 3
  cols: 3
  data: [0.9865413665188961, -0.008786457086111383, 0.1632756268366563, 0.01153017721109689, 0.9998076733328156, -0.01586415324883884, -0.1631048348777859, 0.01753324033645423, 0.9864529377130946]
projection_matrix:
  rows: 3
  cols: 4
  data: [771.4986324599793, 0, 198.8469429016113, -46.66308549441433, 0, 771.4986324599793, 257.4142894744873, 0, 0, 0, 1, 0]