image_width: 640
image_height: 480
camera_name: usb_cam_left
camera_matrix:
  rows: 3
  cols: 3
  data: [857.7482015640639, 0, 345.6166323067955, 0, 856.5165402350912, 201.4844165394335, 0, 0, 1]
distortion_model: plumb_bob
distortion_coefficients:
  rows: 1
  cols: 5
  data: [-0.1817436554077051, 0.4323692301828684, 0.003306917393023366, -0.001089369215565537, 0]
rectification_matrix:
  rows: 3
  cols: 3
  data: [0.9994043518910527, -0.02098243878397949, -0.02739851608940561, 0.02124935167448361, 0.9997291914145239, 0.009487301359006791, 0.02719202961602877, -0.01006385096963606, 0.9995795678329075]
projection_matrix:
  rows: 3
  cols: 4
  data: [919.6369741286223, 0, 367.1149501800537, 0, 0, 919.6369741286223, 203.566385269165, 0, 0, 0, 1, 0]