image_width: 640
image_height: 480
camera_name: usb_cam_left
camera_matrix:
  rows: 3
  cols: 3
  data: [663.1514962662169, 0, 281.3143629232965, 0, 662.4859002353638, 267.5424888948454, 0, 0, 1]
distortion_model: plumb_bob
distortion_coefficients:
  rows: 1
  cols: 5
  data: [0.1979079963556556, -0.2815928617979185, 0.01022605763198225, -0.01603193273642261, 0]
rectification_matrix:
  rows: 3
  cols: 3
  data: [0.9920656320658042, -0.01167927896405152, 0.1251773786143331, 0.009576092045857488, 0.9998029194836477, 0.01739024591843819, -0.125355814125255, -0.01605355520918515, 0.9919819571091706]
projection_matrix:
  rows: 3
  cols: 4
  data: [771.4986324599793, 0, 198.8469429016113, 0, 0, 771.4986324599793, 257.4142894744873, 0, 0, 0, 1, 0]